0 -0.890024
0.000304291 -0.890024
0.000608581 -0.890024
0.000912872 -0.890024
0.00121716 -0.890024
0.00152145 -0.890025
0.00182574 -0.890025
0.00213003 -0.890025
0.00243432 -0.890025
0.00273861 -0.890025
0.00304291 -0.890026
0.0033472 -0.890026
0.00365149 -0.890026
0.00395578 -0.890026
0.00426007 -0.890027
0.00456436 -0.890027
0.00486865 -0.890027
0.00517294 -0.890028
0.00547723 -0.890028
0.00578152 -0.890028
0.00608581 -0.890029
0.0063901 -0.890029
0.00669439 -0.890029
0.00699868 -0.89003
0.00730297 -0.89003
0.00760726 -0.890031
0.00791155 -0.890031
0.00821584 -0.890032
0.00852013 -0.890032
0.00882443 -0.890032
0.00912872 -0.890033
0.00943301 -0.890033
0.0097373 -0.890034
0.0100416 -0.890034
0.0103459 -0.890035
0.0106502 -0.890035
0.0109545 -0.890036
0.0112587 -0.890036
0.011563 -0.890037
0.0118673 -0.890037
0.0121716 -0.890038
0.0124759 -0.890039
0.0127802 -0.890039
0.0130845 -0.89004
0.0133888 -0.89004
0.0136931 -0.890041
0.0139974 -0.890042
0.0143017 -0.890042
0.0146059 -0.890043
0.0149102 -0.890043
0.0152145 -0.890044
0.0155188 -0.890045
0.0158231 -0.890045
0.0161274 -0.890046
0.0164317 -0.890047
0.016736 -0.890047
0.0170403 -0.890048
0.0173446 -0.890049
0.0176489 -0.890049
0.0179531 -0.89005
0.0182574 -0.890051
0.0185617 -0.890052
0.018866 -0.890052
0.0191703 -0.890053
0.0194746 -0.890054
0.0197789 -0.890054
0.0200832 -0.890055
0.0203875 -0.890056
0.0206918 -0.890057
0.020996 -0.890058
0.0213003 -0.890058
0.0216046 -0.890059
0.0219089 -0.89006
0.0222132 -0.890061
0.0225175 -0.890061
0.0228218 -0.890062
0.0231261 -0.890063
0.0234304 -0.890064
0.0237347 -0.890065
0.024039 -0.890066
0.0243432 -0.890066
0.0246475 -0.890067
0.0249518 -0.890068
0.0252561 -0.890069
0.0255604 -0.89007
0.0258647 -0.890071
0.026169 -0.890071
0.0264733 -0.890072
0.0267776 -0.890073
0.0270819 -0.890074
0.0273861 -0.890075
0.0276904 -0.890076
0.0279947 -0.890077
0.028299 -0.890078
0.0286033 -0.890079
0.0289076 -0.89008
0.0292119 -0.89008
0.0295162 -0.890081
0.0298205 -0.890082
0.0301248 -0.890083
0.0304291 -0.890084
0.0307333 -0.890085
0.0310376 -0.890086
0.0313419 -0.890087
0.0316462 -0.890088
0.0319505 -0.890089
0.0322548 -0.89009
0.0325591 -0.890091
0.0328634 -0.890092
0.0331677 -0.890093
0.033472 -0.890094
0.0337762 -0.890095
0.0340805 -0.890096
0.0343848 -0.890097
0.0346891 -0.890098
0.0349934 -0.890099
0.0352977 -0.8901
0.035602 -0.890101
0.0359063 -0.890102
0.0362106 -0.890103
0.0365149 -0.890104
0.0368192 -0.890105
0.0371234 -0.890106
0.0374277 -0.890107
0.037732 -0.890108
0.0380363 -0.890109
0.0383406 -0.89011
0.0386449 -0.890111
0.0389492 -0.890112
0.0392535 -0.890113
0.0395578 -0.890114
0.0398621 -0.890115
0.0401663 -0.890117
0.0404706 -0.890118
0.0407749 -0.890119
0.0410792 -0.89012
0.0413835 -0.890121
0.0416878 -0.890122
0.0419921 -0.890123
0.0422964 -0.890124
0.0426007 -0.890125
0.042905 -0.890126
0.0432093 -0.890127
0.0435135 -0.890129
0.0438178 -0.89013
0.0441221 -0.890131
0.0444264 -0.890132
0.0447307 -0.890133
0.045035 -0.890134
0.0453393 -0.890135
0.0456436 -0.890136
0.0459479 -0.890138
0.0462522 -0.890139
0.0465564 -0.89014
0.0468607 -0.890141
0.047165 -0.890142
0.0474693 -0.890143
0.0477736 -0.890144
0.0480779 -0.890146
0.0483822 -0.890147
0.0486865 -0.890148
0.0489908 -0.890149
0.0492951 -0.89015
0.0495994 -0.890152
0.0499036 -0.890153
0.0502079 -0.890154
0.0505122 -0.890155
0.0508165 -0.890156
0.0511208 -0.890157
0.0514251 -0.890159
0.0517294 -0.89016
0.0520337 -0.890161
0.052338 -0.890162
0.0526423 -0.890163
0.0529466 -0.890165
0.0532508 -0.890166
0.0535551 -0.890167
0.0538594 -0.890168
0.0541637 -0.89017
0.054468 -0.890171
0.0547723 -0.890172
0.0550766 -0.890173
0.0553809 -0.890174
0.0556852 -0.890176
0.0559895 -0.890177
0.0562937 -0.890178
0.056598 -0.890179
0.0569023 -0.890181
0.0572066 -0.890182
0.0575109 -0.890183
0.0578152 -0.890184
0.0581195 -0.890186
0.0584238 -0.890187
0.0587281 -0.890188
0.0590324 -0.890189
0.0593367 -0.890191
0.0596409 -0.890192
0.0599452 -0.890193
0.0602495 -0.890194
0.0605538 -0.890196
0.0608581 -0.890197
0.0611624 -0.890198
0.0614667 -0.8902
0.061771 -0.890201
0.0620753 -0.890202
0.0623796 -0.890203
0.0626838 -0.890205
0.0629881 -0.890206
0.0632924 -0.890207
0.0635967 -0.890209
0.063901 -0.89021
0.0642053 -0.890211
0.0645096 -0.890213
0.0648139 -0.890214
0.0651182 -0.890215
0.0654225 -0.890216
0.0657268 -0.890218
0.066031 -0.890219
0.0663353 -0.89022
0.0666396 -0.890222
0.0669439 -0.890223
0.0672482 -0.890224
0.0675525 -0.890226
0.0678568 -0.890227
0.0681611 -0.890228
0.0684654 -0.89023
0.0687697 -0.890231
0.0690739 -0.890232
0.0693782 -0.890234
0.0696825 -0.890235
0.0699868 -0.890236
0.0702911 -0.890238
0.0705954 -0.890239
0.0708997 -0.89024
0.071204 -0.890242
0.0715083 -0.890243
0.0718126 -0.890244
0.0721169 -0.890246
0.0724211 -0.890247
0.0727254 -0.890248
0.0730297 -0.89025
0.073334 -0.890251
0.0736383 -0.890253
0.0739426 -0.890254
0.0742469 -0.890255
0.0745512 -0.890257
0.0748555 -0.890258
0.0751598 -0.890259
0.075464 -0.890261
0.0757683 -0.890262
0.0760726 -0.890264
0.0763769 -0.890265
0.0766812 -0.890266
0.0769855 -0.890268
0.0772898 -0.890269
0.0775941 -0.89027
0.0778984 -0.890272
0.0782027 -0.890273
0.078507 -0.890275
0.0788112 -0.890276
0.0791155 -0.890277
0.0794198 -0.890279
0.0797241 -0.89028
0.0800284 -0.890282
0.0803327 -0.890283
0.080637 -0.890284
0.0809413 -0.890286
0.0812456 -0.890287
0.0815499 -0.890289
0.0818541 -0.89029
0.0821584 -0.890291
0.0824627 -0.890293
0.082767 -0.890294
0.0830713 -0.890296
0.0833756 -0.890297
0.0836799 -0.890299
0.0839842 -0.8903
0.0842885 -0.890301
0.0845928 -0.890303
0.0848971 -0.890304
0.0852013 -0.890306
0.0855056 -0.890307
0.0858099 -0.890309
0.0861142 -0.89031
0.0864185 -0.890311
0.0867228 -0.890313
0.0870271 -0.890314
0.0873314 -0.890316
0.0876357 -0.890317
0.08794 -0.890319
0.0882443 -0.89032
0.0885485 -0.890321
0.0888528 -0.890323
0.0891571 -0.890324
0.0894614 -0.890326
0.0897657 -0.890327
0.09007 -0.890329
0.0903743 -0.89033
0.0906786 -0.890332
0.0909829 -0.890333
0.0912872 -0.890335
0.0915914 -0.890336
0.0918957 -0.890337
0.0922 -0.890339
0.0925043 -0.89034
0.0928086 -0.890342
0.0931129 -0.890343
0.0934172 -0.890345
0.0937215 -0.890346
0.0940258 -0.890348
0.0943301 -0.890349
0.0946344 -0.890351
0.0949386 -0.890352
0.0952429 -0.890354
0.0955472 -0.890355
0.0958515 -0.890356
0.0961558 -0.890358
0.0964601 -0.890359
0.0967644 -0.890361
0.0970687 -0.890362
0.097373 -0.890364
0.0976773 -0.890365
0.0979815 -0.890367
0.0982858 -0.890368
0.0985901 -0.89037
0.0988944 -0.890371
0.0991987 -0.890373
0.099503 -0.890374
0.0998073 -0.890376
0.100112 -0.890377
0.100416 -0.890379
0.10072 -0.89038
0.101024 -0.890382
0.101329 -0.890383
0.101633 -0.890385
0.101937 -0.890386
0.102242 -0.890388
0.102546 -0.890389
0.10285 -0.890391
0.103154 -0.890392
0.103459 -0.890394
0.103763 -0.890395
0.104067 -0.890397
0.104372 -0.890398
0.104676 -0.8904
0.10498 -0.890401
0.105285 -0.890403
0.105589 -0.890404
0.105893 -0.890406
0.106197 -0.890407
0.106502 -0.890409
0.106806 -0.89041
0.10711 -0.890412
0.107415 -0.890413
0.107719 -0.890415
0.108023 -0.890416
0.108327 -0.890418
0.108632 -0.890419
0.108936 -0.890421
0.10924 -0.890422
0.109545 -0.890424
0.109849 -0.890425
0.110153 -0.890427
0.110457 -0.890428
0.110762 -0.89043
0.111066 -0.890431
0.11137 -0.890433
0.111675 -0.890434
0.111979 -0.890436
0.112283 -0.890437
0.112587 -0.890439
0.112892 -0.890441
0.113196 -0.890442
0.1135 -0.890444
0.113805 -0.890445
0.114109 -0.890447
0.114413 -0.890448
0.114718 -0.89045
0.115022 -0.890451
0.115326 -0.890453
0.11563 -0.890454
0.115935 -0.890456
0.116239 -0.890457
0.116543 -0.890459
0.116848 -0.89046
0.117152 -0.890462
0.117456 -0.890464
0.11776 -0.890465
0.118065 -0.890467
0.118369 -0.890468
0.118673 -0.89047
0.118978 -0.890471
0.119282 -0.890473
0.119586 -0.890474
0.11989 -0.890476
0.120195 -0.890477
0.120499 -0.890479
0.120803 -0.890481
0.121108 -0.890482
0.121412 -0.890484
0.121716 -0.890485
0.12202 -0.890487
0.122325 -0.890488
0.122629 -0.89049
0.122933 -0.890491
0.123238 -0.890493
0.123542 -0.890494
0.123846 -0.890496
0.124151 -0.890498
0.124455 -0.890499
0.124759 -0.890501
0.125063 -0.890502
0.125368 -0.890504
0.125672 -0.890505
0.125976 -0.890507
0.126281 -0.890509
0.126585 -0.89051
0.126889 -0.890512
0.127193 -0.890513
0.127498 -0.890515
0.127802 -0.890516
0.128106 -0.890518
0.128411 -0.890519
0.128715 -0.890521
0.129019 -0.890523
0.129323 -0.890524
0.129628 -0.890526
0.129932 -0.890527
0.130236 -0.890529
0.130541 -0.89053
0.130845 -0.890532
0.131149 -0.890534
0.131454 -0.890535
0.131758 -0.890537
0.132062 -0.890538
0.132366 -0.89054
0.132671 -0.890541
0.132975 -0.890543
0.133279 -0.890545
0.133584 -0.890546
0.133888 -0.890548
0.134192 -0.890549
0.134496 -0.890551
0.134801 -0.890552
0.135105 -0.890554
0.135409 -0.890556
0.135714 -0.890557
0.136018 -0.890559
0.136322 -0.89056
0.136626 -0.890562
0.136931 -0.890563
0.137235 -0.890565
0.137539 -0.890567
0.137844 -0.890568
0.138148 -0.89057
0.138452 -0.890571
0.138756 -0.890573
0.139061 -0.890575
0.139365 -0.890576
0.139669 -0.890578
0.139974 -0.890579
0.140278 -0.890581
0.140582 -0.890582
0.140887 -0.890584
0.141191 -0.890586
0.141495 -0.890587
0.141799 -0.890589
0.142104 -0.89059
0.142408 -0.890592
0.142712 -0.890593
0.143017 -0.890595
0.143321 -0.890597
0.143625 -0.890598
0.143929 -0.8906
0.144234 -0.890601
0.144538 -0.890603
0.144842 -0.890605
0.145147 -0.890606
0.145451 -0.890608
0.145755 -0.890609
0.146059 -0.890611
0.146364 -0.890612
0.146668 -0.890614
0.146972 -0.890616
0.147277 -0.890617
0.147581 -0.890619
0.147885 -0.89062
0.148189 -0.890622
0.148494 -0.890624
0.148798 -0.890625
0.149102 -0.890627
0.149407 -0.890628
0.149711 -0.89063
0.150015 -0.890631
0.15032 -0.890633
0.150624 -0.890635
0.150928 -0.890636
0.151232 -0.890638
0.151537 -0.890639
0.151841 -0.890641
0.152145 -0.890643
0.15245 -0.890644
0.152754 -0.890646
0.153058 -0.890647
0.153362 -0.890649
0.153667 -0.890651
0.153971 -0.890652
0.154275 -0.890654
0.15458 -0.890655
0.154884 -0.890657
0.155188 -0.890659
0.155492 -0.89066
0.155797 -0.890662
0.156101 -0.890663
0.156405 -0.890665
0.15671 -0.890666
0.157014 -0.890668
0.157318 -0.89067
0.157622 -0.890671
0.157927 -0.890673
0.158231 -0.890674
0.158535 -0.890676
0.15884 -0.890678
0.159144 -0.890679
0.159448 -0.890681
0.159753 -0.890682
0.160057 -0.890684
0.160361 -0.890686
0.160665 -0.890687
0.16097 -0.890689
0.161274 -0.89069
0.161578 -0.890692
0.161883 -0.890694
0.162187 -0.890695
0.162491 -0.890697
0.162795 -0.890698
0.1631 -0.8907
0.163404 -0.890702
0.163708 -0.890703
0.164013 -0.890705
0.164317 -0.890706
0.164621 -0.890708
0.164925 -0.89071
0.16523 -0.890711
0.165534 -0.890713
0.165838 -0.890714
0.166143 -0.890716
0.166447 -0.890717
0.166751 -0.890719
0.167055 -0.890721
0.16736 -0.890722
0.167664 -0.890724
0.167968 -0.890725
0.168273 -0.890727
0.168577 -0.890729
0.168881 -0.89073
0.169186 -0.890732
0.16949 -0.890733
0.169794 -0.890735
0.170098 -0.890737
0.170403 -0.890738
0.170707 -0.89074
0.171011 -0.890741
0.171316 -0.890743
0.17162 -0.890745
0.171924 -0.890746
0.172228 -0.890748
0.172533 -0.890749
0.172837 -0.890751
0.173141 -0.890753
0.173446 -0.890754
0.17375 -0.890756
0.174054 -0.890757
0.174358 -0.890759
0.174663 -0.890761
0.174967 -0.890762
0.175271 -0.890764
0.175576 -0.890765
0.17588 -0.890767
0.176184 -0.890769
0.176489 -0.89077
0.176793 -0.890772
0.177097 -0.890773
0.177401 -0.890775
0.177706 -0.890777
0.17801 -0.890778
0.178314 -0.89078
0.178619 -0.890781
0.178923 -0.890783
0.179227 -0.890785
0.179531 -0.890786
0.179836 -0.890788
0.18014 -0.890789
0.180444 -0.890791
0.180749 -0.890793
0.181053 -0.890794
0.181357 -0.890796
0.181661 -0.890797
0.181966 -0.890799
0.18227 -0.890801
0.182574 -0.890802
0.182879 -0.890804
0.183183 -0.890806
0.183487 -0.890807
0.183791 -0.890809
0.184096 -0.89081
0.1844 -0.890812
0.184704 -0.890814
0.185009 -0.890815
0.185313 -0.890817
0.185617 -0.890818
0.185922 -0.89082
0.186226 -0.890822
0.18653 -0.890823
0.186834 -0.890825
0.187139 -0.890826
0.187443 -0.890828
0.187747 -0.89083
0.188052 -0.890831
0.188356 -0.890833
0.18866 -0.890834
0.188964 -0.890836
0.189269 -0.890838
0.189573 -0.890839
0.189877 -0.890841
0.190182 -0.890842
0.190486 -0.890844
0.19079 -0.890846
0.191094 -0.890847
0.191399 -0.890849
0.191703 -0.89085
0.192007 -0.890852
0.192312 -0.890854
0.192616 -0.890855
0.19292 -0.890857
0.193224 -0.890858
0.193529 -0.89086
0.193833 -0.890862
0.194137 -0.890863
0.194442 -0.890865
0.194746 -0.890866
0.19505 -0.890868
0.195355 -0.89087
0.195659 -0.890871
0.195963 -0.890873
0.196267 -0.890874
0.196572 -0.890876
0.196876 -0.890878
0.19718 -0.890879
0.197485 -0.890881
0.197789 -0.890882
0.198093 -0.890884
0.198397 -0.890886
0.198702 -0.890887
0.199006 -0.890889
0.19931 -0.89089
0.199615 -0.890892
0.199919 -0.890894
0.200223 -0.890895
0.200527 -0.890897
0.200832 -0.890898
0.201136 -0.8909
0.20144 -0.890902
0.201745 -0.890903
0.202049 -0.890905
0.202353 -0.890906
0.202657 -0.890908
0.202962 -0.89091
0.203266 -0.890911
0.20357 -0.890913
0.203875 -0.890914
0.204179 -0.890916
0.204483 -0.890918
0.204788 -0.890919
0.205092 -0.890921
0.205396 -0.890923
0.2057 -0.890924
0.206005 -0.890926
0.206309 -0.890927
0.206613 -0.890929
0.206918 -0.890931
0.207222 -0.890932
0.207526 -0.890934
0.20783 -0.890935
0.208135 -0.890937
0.208439 -0.890939
0.208743 -0.89094
0.209048 -0.890942
0.209352 -0.890943
0.209656 -0.890945
0.20996 -0.890947
0.210265 -0.890948
0.210569 -0.89095
0.210873 -0.890951
0.211178 -0.890953
0.211482 -0.890955
0.211786 -0.890956
0.21209 -0.890958
0.212395 -0.890959
0.212699 -0.890961
0.213003 -0.890963
0.213308 -0.890964
0.213612 -0.890966
0.213916 -0.890967
0.214221 -0.890969
0.214525 -0.890971
0.214829 -0.890972
0.215133 -0.890974
0.215438 -0.890975
0.215742 -0.890977
0.216046 -0.890979
0.216351 -0.89098
0.216655 -0.890982
0.216959 -0.890983
0.217263 -0.890985
0.217568 -0.890987
0.217872 -0.890988
0.218176 -0.89099
0.218481 -0.890991
0.218785 -0.890993
0.219089 -0.890995
0.219393 -0.890996
0.219698 -0.890998
0.220002 -0.890999
0.220306 -0.891001
0.220611 -0.891003
0.220915 -0.891004
0.221219 -0.891006
0.221523 -0.891007
0.221828 -0.891009
0.222132 -0.891011
0.222436 -0.891012
0.222741 -0.891014
0.223045 -0.891015
0.223349 -0.891017
0.223654 -0.891019
0.223958 -0.89102
0.224262 -0.891022
